NCBI Gene ID
100001836
100002225
100002318
100002479
100004455
100005273
100005337
100005416
100005846
100005887
100006392
100007289
100136851
100136868
100148479
100149618
100149957
100150090
100151255
100321338
100322133
100329583
100330721
100330943
100331324
100331840
100332237
100333180
100333227
100333254
100334818
100534737
100534752
100535437
100535571
101882552
101883291
108179076
114426
114436
140621
140814
142986
246227
260440
266756
30248
30298
30307
30464
30681
30709
30750
30754
321315
322614
324140
324142
325317
327204
327246
327321
333952
333979
335008
335573
335830
336673
337397
337692
337737
359834
360144
368274
368385
368404
373104
386705
386807
393202
393376
393392
393426
393608
393656
393854
393890
393902
393940
393945
394146
399480
405821
406359
406364
406370
406523
406713
406728
415185
431725
436636
436707
436815
445057
445208
445234
448942
449549
449677
449803
493634
494109
494489
494576
497072
497073
497082
503709
541486
548341
550361
550436
553187
553189
553392
553548
553634
553957
555578
555778
556443
556876
557037
557648
557810
557933
558088
558580
558924
559020
559050
559809
560000
560057
560102
560657
560975
561460
561682
561772
561901
562064
562469
562552
562630
562640
562838
562925
563149
563181
563215
563468
563527
563556
563884
564266
564571
565026
565194
565797
565852
566044
566099
566185
566604
566869
566903
567078
567204
567417
568265
568309
568315
568671
569386
570368
570410
570626
570656
570960
571633
571865
572187
573013
573207
57933
58138
64617
65237
678537
724056
751109
768159
768180
777704
791134
791855
792104
792699
793359
797132
797150
797380
798222
798384
798445
798985
799661
799741
