NCBI Gene ID
100000242
100004181
100005446
100009663
100073333
100149273
100149301
100170793
100317924
100330105
100332642
100535532
100536317
100537262
101885420
114401
114833
114834
286740
286741
30080
30296
30380
30428
30488
30502
30590
321564
321695
321807
322425
322645
323563
324109
324152
324421
325065
325084
326067
326974
327005
327143
327197
335916
336116
336159
337168
337737
337810
386807
393103
393111
393202
393228
393268
393376
393620
393816
393846
393858
393902
393915
393945
402792
402879
402916
403036
405821
405859
405895
406309
406442
406452
406466
406514
415099
415254
431725
436954
436971
436984
445289
449549
449660
450024
492332
492357
492471
492676
494085
494532
494576
497400
550134
550286
550328
550513
553180
553656
553776
554092
554650
555713
556379
556410
556917
557335
557526
557574
558848
559099
559106
559355
559439
559564
561219
561933
561952
562289
562720
563633
563679
564295
564996
565434
567448
568155
569698
569883
572969
641289
65236
692289
751649
777766
791223
793200
797150
797988
80955
