Human NCBI Gene ID
100133941
10062
102
10326
10396
10461
1051
114786
121601
126129
1374
1375
1385
1398
1399
140885
1432
1524
177
1788
1793
1844
1846
1847
1849
1850
19
1901
196527
203859
2056
2057
23166
23200
23250
23339
23355
23411
23659
240
24145
246
2621
26762
27072
286046
286410
29933
3091
338382
338440
343702
3586
3685
3690
3693
3717
383
384
389668
3988
4035
405
4240
4772
4773
4775
4776
487
488
489
4953
5029
5031
50636
5087
51454
51552
5175
51761
5467
5468
54896
55113
55423
55576
55754
558
55823
5594
5595
5600
5603
5604
5605
5627
56848
5732
5734
5743
5747
575
57617
5777
5781
5868
5869
5878
5879
6256
6300
6376
63982
64284
6446
64601
64805
65082
6513
6566
682
6868
7040
7057
712
713
714
7301
7376
7386
7879
80824
811
815
816
817
818
834
836
8398
840
84465
84466
84868
8578
8754
8877
89790
9023
91937
9261
9392
948
9564
961
9844
