NCBI Gene ID
30754
58138
64617
65237
114436
114426
140621
140814
142986
100005887
246227
561901
260440
266756
322614
337737
568309
324140
324142
555778
560000
325317
327204
327321
333952
321871
333979
563556
563215
335008
565797
335573
335830
563149
568265
100005273
562064
337692
100136868
368274
368404
368385
359834
360144
373104
558924
386705
386807
399480
393945
393426
393608
393902
393854
406359
406364
406370
406523
405821
406728
556443
393940
393202
394146
573207
393890
415185
337397
436707
436815
436636
792104
570368
570410
566903
445208
445234
445057
445088
447940
448942
566044
560657
497082
449803
449677
559020
563181
100002318
561772
557810
565194
494109
570626
503709
553189
553187
541486
548341
550361
550516
553602
553634
553548
565852
798985
791855
777704
553957
497073
550436
493634
562469
562838
678537
563468
791134
568315
558088
100005416
568671
563527
100151255
724056
767630
768180
560102
100004455
558580
555578
793359
565026
570960
566604
560057
567417
797132
561682
100126106
557648
393392
751109
564266
100001836
572187
100002225
100142639
564571
567078
797150
100329583
100302472
100535437
567204
562925
100321338
100534737
563884
100536120
799741
571633
799661
497072
100330943
100150090
566869
100535571
100149618
100534752
553392
100333180
101882552
100006392
100332237
100333254
100330259
559809
556876
569386
108179076
573013
100002479
100004988
30298
30307
30750
557037
793011
30681
30709
