NCBI Gene ID
65236
80955
114401
114833
114834
564996
286740
286741
402916
337810
322425
322645
337737
563633
565434
323563
324109
321564
324152
324421
325065
325084
326974
321807
557526
327143
327197
492357
335916
336116
336159
572969
337168
386807
393945
554650
393268
393902
393816
393620
393846
393858
406442
406452
406466
406514
405821
321695
393103
393202
393111
393915
403036
436954
436971
436984
445289
415099
450024
449660
492676
492332
494085
553180
494532
559106
100004181
100317924
550134
559564
550328
550513
550286
559355
797988
553776
553656
554092
641289
569698
557574
561219
692289
559099
556917
751649
561933
777766
561952
100073333
556410
557335
564295
558848
562720
100170793
797150
559439
567448
556379
562289
791223
100149273
793200
100536317
100332642
100329462
101884807
101885420
100330105
555713
30380
30502
30590
30488
30428
30296
30080
