NCBI Gene ID
57934
57935
58037
60658
83773
170581
195815
260440
286829
322942
323320
324023
324961
563556
559788
335269
322013
560026
568265
403310
368230
445292
570216
559964
386787
560091
394012
393614
324004
393940
403311
431722
436925
557170
568060
561434
558806
497649
503893
541320
541376
541475
100331874
550428
567212
449679
565638
553489
560561
445380
641575
641583
405791
797199
569971
100049705
565158
100535196
678560
100034580
100034540
568671
569480
100151255
556734
567500
768287
568463
794932
100006255
558212
100126126
567175
564266
100001836
556752
100141346
562422
795492
559015
570683
569855
407685
564883
570868
100536533
100150428
797491
100499533
100003278
100003329
100003220
572348
100331116
797409
794222
100332905
100331323
571193
30148
30265
30523
30291
30701
30236
30556
30510
30415
30741
