Human NCBI Gene ID
10075
10133
10241
10370
10452
10651
11331
11337
11345
139341
1457
1459
1460
1869
192111
1965
221960
22800
22808
22879
2309
23710
23770
23786
25813
25820
267
27342
283106
285973
29110
3091
3265
338382
345778
3725
3845
387990
4077
4286
440738
441925
4580
468
4893
4976
5071
51024
51622
54543
54708
55288
55626
55669
5599
5601
5602
57154
5868
5869
5878
5970
598
6233
6237
643246
64750
6477
64786
65018
664
665
6667
6714
7030
7157
7186
7311
7314
7316
7415
7879
79065
7942
79594
79671
79735
81631
8408
84134
84315
84557
84749
8678
8878
8887
89941
9101
9451
9804
9868
9927
9958
